0 0 0 3 5 0 0 0 3 10 6 0 2 3 0 1 0 0 0 0
0 0 0 0 4 0 0 0 4 15 4 1 0 4 0 0 0 0 1 0
0 0 0 2 4 0 0 0 3 17 3 0 0 2 2 0 0 0 0 0
0 0 0 0 4 2 0 0 4 13 4 0 2 2 0 1 0 1 0 0
0 0 0 1 2 1 0 0 4 15 4 0 0 4 2 0 0 0 0 0
0 0 0 1 5 2 0 0 5 8 5 0 1 5 1 0 0 0 0 0
0 0 0 2 4 1 0 0 4 14 2 0 1 2 3 0 0 0 0 0
0 0 0 1 5 3 0 0 4 5 5 0 3 5 2 0 0 0 0 0
0 0 0 3 5 0 0 0 4 10 4 1 0 5 0 0 0 1 0 0
0 0 0 0 6 1 0 0 6 10 3 0 1 5 1 0 0 0 0 0
0 0 0 2 6 0 0 0 3 8 5 1 2 2 3 0 0 1 0 0
0 0 0 1 5 1 0 0 4 12 4 0 1 2 1 1 0 0 1 0
0 0 0 1 2 3 0 0 3 12 4 0 3 4 1 0 0 0 0 0
0 0 0 3 4 0 0 0 3 12 4 1 0 3 2 0 0 0 1 0
0 0 0 2 3 0 0 0 3 14 5 0 1 4 1 0 0 0 0 0
0 0 0 2 5 1 0 0 5 10 4 0 1 4 1 0 0 0 0 0
0 0 0 0 5 1 0 0 4 10 5 0 2 3 1 1 0 1 0 0
