0 0 0 6 2 1 0 0 3 13 2 0 0 2 1 1 0 1 1 0
0 0 0 7 5 0 0 0 5 5 4 0 0 2 2 1 0 2 0 0
0 0 0 3 4 2 0 0 2 14 2 1 3 2 0 0 0 0 0 0
0 2 0 0 4 1 0 2 3 13 2 1 1 2 0 0 0 2 0 0
0 0 0 4 3 2 0 0 4 10 2 0 2 3 3 0 0 0 0 0
0 0 0 6 5 1 0 0 2 9 3 1 1 2 0 1 2 0 0 0
1 0 0 2 6 0 0 1 3 9 3 1 1 3 2 0 0 0 1 0
0 0 0 3 4 1 0 0 5 10 3 1 1 3 1 0 0 0 1 0
0 0 0 3 5 0 0 0 4 12 3 0 0 4 0 0 0 1 1 0
1 0 0 4 4 0 0 1 3 6 4 0 0 6 2 0 0 0 1 1
0 0 0 11 3 1 0 0 4 5 2 0 0 3 0 0 0 2 0 2
1 0 1 6 2 0 0 0 3 10 3 1 0 4 1 0 0 0 1 0
0 2 1 3 5 0 0 1 5 6 3 1 0 3 1 0 1 0 1 0
0 1 1 1 2 0 0 0 4 17 2 0 0 2 2 0 0 1 0 0
0 0 0 3 2 1 1 0 4 15 1 0 0 2 2 1 0 1 0 0
0 0 0 4 5 0 0 0 4 13 3 0 0 1 0 1 0 2 0 0
0 0 0 7 3 1 0 0 3 10 4 0 1 2 1 1 0 0 0 0
