0 0 0 3 4 0 0 0 4 13 5 0 1 2 0 1 0 0 0 0
0 0 0 1 4 1 0 0 4 14 4 0 0 4 1 0 0 0 0 0
0 0 0 1 3 0 0 0 2 19 4 0 0 3 1 0 0 0 0 0
0 0 0 3 3 1 0 0 3 12 4 0 1 3 1 1 0 1 0 0
0 0 0 1 3 1 0 0 4 14 5 0 1 3 0 1 0 0 0 0
0 0 0 0 3 3 0 0 5 14 3 0 1 4 0 0 0 0 0 0
0 0 0 1 6 1 0 0 4 8 5 0 1 5 2 0 0 0 0 0
0 0 0 2 3 0 0 0 4 11 6 0 0 4 3 0 0 0 0 0
0 0 0 2 5 1 0 0 4 8 4 1 2 4 1 0 0 0 1 0
0 0 0 3 4 0 0 0 3 12 5 0 0 5 1 0 0 0 0 0
0 0 0 4 3 1 0 0 2 14 3 0 1 4 1 0 0 0 0 0
0 0 0 1 6 0 0 0 3 11 5 1 2 3 0 0 0 0 1 0
0 0 0 5 2 1 0 0 4 15 2 0 0 2 0 1 0 0 1 0
0 0 0 3 4 2 0 0 5 9 3 1 2 3 0 0 0 1 0 0
0 0 0 3 3 1 0 0 2 13 4 0 1 3 3 0 0 0 0 0
0 0 0 2 3 0 0 0 3 17 4 0 0 4 0 0 0 0 0 0
0 0 0 1 4 1 0 0 4 14 2 1 1 2 2 0 1 0 0 0
0 0 0 0 5 2 0 0 6 9 3 0 1 3 2 1 0 1 0 0
